983.4395
984.2944
984.6158
984.6406
984.581
984.5727
984.5778
984.5907
984.6052
984.6214
984.639
984.6588
984.6782
984.6904
984.7103
984.7322
984.752
984.7708
984.7892
984.809
984.8276
984.846
984.8635
984.8732
984.8506
984.782
984.752
984.9011
985.0383
985.061
985.0564
985.0544
985.0595
985.0703
985.0714
985.047
984.9948
984.9937
985.1038
985.2071
985.2095
985.1588
985.1124
985.0508
985.0683
984.9973
984.9655
985.0267
984.915
985.0118
984.9006
984.8035
984.7852
984.7224
984.8607
984.7372
984.7847
984.7438
984.492
984.5867
984.6741
984.7007
984.7702
984.7035
984.6851
984.6582
984.6363
984.7097
984.6877
984.6163
984.6457
984.6386
984.6508
984.5701
984.5383
984.5579
984.5941
984.73
984.5997
984.5582
984.6136
984.5334
984.5559
984.4888
984.5371
984.6054
984.6371
984.6292
984.5826
984.611
984.5707
984.5774
984.5699
984.4836
984.4482
984.3527
984.5029
984.4764
984.483
984.5645
984.4821
984.5518
984.5698
984.4161
984.461
984.3228
984.3977
984.3509
984.2373
984.3513
984.2397
984.3911
984.4937
984.4371
984.5607
984.467
984.3947
984.3746
984.3503
984.3676
984.3337
984.4041
984.3886
984.357
984.3521
984.3036
984.3196
984.2663
984.1847
984.081
984.0278
984.044
983.9356
983.9108
983.9164
983.9267
983.9966
984.0267
984.0734
984.0753
984.0184
984.1054
984.0372
984.0406
984.0737
984.0447
983.98
983.9087
983.8159
983.7065
983.6067
983.6132
983.4994
983.4803
983.5535
983.5652
983.6884
983.6307
983.6376
983.6436
983.7215
983.7902
983.7691
983.8345
983.8154
983.8371
983.8179
983.7838
983.7971
983.8606
984.0092
984.1086
984.0985
984.0729
984.061
984.1077
984.0849
983.9233
983.9519
983.9594
984.0519
984.015
983.8871
983.9676
983.8812
983.9604
984.0562
983.9494
984.0414
984.0131
984.0159
984.1142
984.0203
984.1057
984.1493
984.2947
984.3986
984.3706
984.5259
984.376
984.3602
984.205
983.9297
983.8422
983.6785
983.826
983.9413
983.9986
984.0778
984.0936
984.1368
984.1973
984.1105
984.108
984.0162
983.9639
983.8504
983.7612
983.7158
983.6793
983.6202
983.6249
983.5568
983.6682
983.7211
983.6824
983.7037
983.7205
983.8612
983.9453
983.8474
983.6716
983.5258
983.4316
983.4329
983.4559
983.3605
983.3116
983.3232
983.2902
983.3082
983.0955
982.8984
982.913
982.9377
982.9986
983.0945
983.1769
983.1689
983.165
983.1124
983.0206
982.9812
982.9456
982.9755
982.9218
982.876
982.7106
982.6428
982.5882
982.4557
982.2822
982.2142
982.1672
982.2804
982.2653
982.3041
982.3605
982.4167
982.5061
982.5187
982.5639
982.5239
982.5531
982.5959
982.5728
982.5565
982.5399
982.5159
982.5981
982.6206
982.6335
982.6039
982.5628
982.6424
982.658
982.6748
982.7037
982.7031
982.8066
982.7396
982.7881
982.7594
982.7164
982.8201
982.8135
982.8731
982.9157
982.9407
983.0451
983.013
982.9943
982.9396
982.9014
982.8846
982.8034
982.7536
982.7573
982.7772
982.8249
982.7686
982.8566
982.8422
982.7719
982.7499
982.7285
982.613
982.4169
982.4441
982.5549
982.7188
982.9413
982.8694
982.8931
982.8292
982.5844
982.681
982.5501
982.5326
982.5887
982.6717
982.5621
982.4179
982.1008
982.0411
981.8399
981.8002
982.0547
982.4695
982.7534
982.7187
982.602
982.4944
982.2776
981.9451
981.9295
981.8811
981.713
981.6854
981.5375
981.4358
981.5413
981.8707
982.1793
982.4973
982.4511
982.2778
982.2612
981.9036
981.4375
981.274
981.1251
981.1079
981.1418
981.2884
981.4094
981.5361
981.6398
981.7545
981.647
981.3542
981.4527
981.7263
981.6903
981.6003
981.3762
981.2687
981.0103
980.7259
980.4147
980.1501
980.1614
980.4504
980.9942
981.3542
981.6041
981.4789
981.1934
981.0797
980.6962
980.3123
980.0904
980.1732
980.2326
980.3575
980.4138
980.2139
979.8513
979.8893
979.6751
979.7667
980.1682
980.4642
980.6187
980.4341
980.2064
979.7148
979.3073
979.1553
979.2565
979.0729
979.4799
979.7001
979.7596
979.7822
979.5764
979.2667
979.1702
979.1791
979.1426
979.2465
979.0748
979.1091
978.774
978.562
978.4475
978.4704
978.638
978.9695
979.2305
979.1221
979.0983
978.8743
978.4808
978.3937
978.1455
977.9438
977.8099
977.552
977.6154
977.8132
977.7658
977.7332
977.7418
977.7596
977.5089
977.3834
977.04
976.9014
976.9044
976.8479
976.7186
976.6146
976.7557
976.7615
976.7707
976.6324
976.3901
976.0629
975.8783
975.9924
976.1871
975.8651
975.9702
975.809
975.4345
975.2981
975.1524
975.2367
975.1285
974.7175
974.7757
974.4426
974.0537
973.9438
973.4039
973.2438
973.0593
972.9926
973.1302
972.8808
972.9374
972.7119
972.4886
972.2355
972.1887
971.8842
971.6558
971.5605
971.5571
971.3185
971.0341
971.0191
970.9755
970.9842
970.7828
970.7866
970.7266
970.4875
970.3177
970.2083
970.2075
970.1668
970.0427
970.0447
969.6686
969.25
968.9551
968.6559
968.3801
967.9377
967.5884
967.4608
967.0594
966.8962
966.6225
966.2407
965.7164
965.3377
965.0573
964.5557
964.258
963.9615
963.4667
963.1717
962.9216
962.5844
962.1909
962.1309
961.7917
961.5443
961.561
961.3917
961.1846
960.9506
960.8717
960.781
960.8658
960.8346
960.7663
960.421
960.1586
959.7787
959.3646
959.2491
959.3176
959.2319
959.0057
959.1243
959.1598
959.1406
959.1254
958.9362
958.9523
958.8675
958.6403
958.7476
958.6076
958.5621
958.5192
958.2599
958.3993
958.1354
957.976
957.8508
957.7448
957.667
957.446
957.3927
957.2937
957.1943
957.2762
957.0828
957.0595
956.9752
956.9954
957.0374
957.1199
957.3821
957.4794
957.2936
957.2142
956.9948
956.8585
956.6959
956.8674
956.6957
956.72
956.8887
956.6165
956.483
956.1921
955.8495
955.4166
954.9894
954.2944
954.0481
953.641
953.3425
953.0936
952.924
952.8363
952.9312
953.0021
953.0829
953.2699
952.9752
952.8731
952.7148
952.6682
952.7329
952.3898
952.123
952.2031
952.0312
951.8541
951.5682
951.2942
951.1176
950.9637
950.6893
950.3376
950.2379
949.8744
949.423
949.1681
948.9963
948.7323
948.491
948.35
948.2521
947.9987
947.6901
947.4529
947.2689
947.2172
947.1193
947.0581
946.7573
946.228
946.0217
945.6865
945.4526
945.0262
944.7529
945.0272
945.0737
945.0341
944.9368
944.4561
944.0295
943.892
943.5451
943.1722
943.1547
943.0821
942.8033
942.7382
942.5983
942.4941
942.3856
942.2298
942.3008
942.0999
942.1927
942.2511
942.1277
942.1705
941.8925
941.6893
941.5649
941.4125
941.5843
941.6082
941.5212
941.5206
941.543
941.4736
941.586
941.5802
941.5455
941.4577
941.4285
941.3558
941.3263
941.1854
941.0798
940.9944
941.0547
940.7745
940.8311
940.6943
940.4922
940.5052
940.4479
940.5986
940.6623
940.6807
940.6633
940.4544
940.1823
939.6521
939.2069
938.8964
938.4395
938.1229
937.8861
937.6625
937.8035
937.8762
937.7522
937.7951
937.8798
937.9752
938.0093
938.1063
938.2619
938.6313
938.4959
938.588
938.5163
938.4929
938.313
938.3543
938.3486
938.4856
938.4574
938.5356
938.5682
938.4221
938.1699
938.0916
938.1176
938.087
938.039
938.0754
937.9661
937.8472
937.7181
937.5922
937.675
937.5732
937.5564
937.4554
937.1588
936.9272
936.6928
936.2495
936.259
936.075
935.9828
935.8351
935.6445
935.4264
935.3131
935.3429
935.2728
935.0748
934.8978
934.8848
934.9064
934.7527
934.4443
934.2224
933.8666
933.5834
933.2175
932.9339
932.9594
932.7214
932.4796
932.2889
931.9589
931.6752
931.4986
931.1923
930.8574
930.6956
930.7141
930.5837
930.3936
930.1505
930.0962
930.0816
929.8878
929.6465
929.8635
929.7029
929.6954
929.6718
929.472
929.3538
929.1906
929.0059
928.6693
928.2933
928.0519
927.9605
927.8671
927.7931
927.574
927.3434
927.1165
926.785
926.3214
925.8449
925.8162
925.6618
925.2255
924.9468
924.5371
924.1262
923.9163
923.8051
923.7767
923.6953
923.0994
922.9902
922.7117
922.1168
921.8916
921.7225
921.7665
921.4634
921.2286
920.952
920.916
920.6389
920.4877
920.3765
920.1525
920.0322
919.7568
919.5656
919.7189
919.4371
919.3159
919.4429
919.4937
919.1568
919.0338
919.2828
919.4235
919.7366
919.6204
919.7023
919.4282
918.813
918.7042
918.8459
919.1227
919.3738
919.3901
919.1202
918.7357
918.4639
918.1618
918.2382
918.0872
918.0757
917.7084
917.8231
917.8302
917.8528
917.7543
917.8306
917.7446
917.5931
917.4523
917.4398
917.4095
917.4936
917.5565
917.5957
917.6436
917.393
917.3267
917.2485
917.1516
917.2098
917.2681
917.3774
917.3663
917.266
917.199
916.982
917.0276
916.9182
916.7446
916.4957
916.0507
915.5262
915.1824
914.9971
914.7509
914.6688
914.498
914.349
914.2351
914.2623
914.4301
914.4266
914.4982
914.3703
914.2391
914.201
914.1029
914.2149
914.1763
913.9547
913.7948
913.5009
913.2688
913.1483
912.9242
912.8363
912.7601
912.7411
912.7281
912.6326
912.6407
912.631
912.4808
912.33
912.3287
912.3405
912.2141
912.2296
912.2449
912.1501
911.9975
911.8439
911.5358
911.3895
911.1669
910.9984
910.8837
910.7396
910.5327
910.2599
910.0436
910.0176
910.1246
910.2311
910.1619
910.0052
909.6991
909.5765
909.4281
909.4837
909.6403
909.7593
909.8113
909.752
909.6365
909.3615
909.0211
908.8972
908.7992
908.7081
908.6227
908.4305
908.3057
908.0423
907.7443
907.84
908.0486
907.8726
908.0166
907.9473
907.7214
907.5505
907.7649
907.8327
907.6626
907.2756
907.0164
906.7557
906.6039
906.4792
906.4261
906.4136
906.2579
906.2205
906.1811
906.0611
905.7854
905.7005
905.6973
905.608
905.7489
905.7228
905.5939
905.4153
905.528
905.443
905.3423
905.5607
905.7001
905.693
905.6104
905.5541
905.3625
905.261
905.1705
905.2209
905.2573
905.1831
905.1906
905.0604
905.0367
905.1176
905.4511
905.6472
905.6526
905.8295
905.7224
905.6709
905.7299
906.0088
906.2926
906.3373
906.3432
906.416
906.3016
906.2569
906.2482
906.4509
906.5899
906.5714
906.6021
906.6209
906.7086
906.7839
906.866
907.0352
907.166
907.1328
907.2074
907.3821
907.3313
907.0716
907.0007
907.2688
907.2523
907.4441
907.4103
907.1651
906.7565
906.5529
906.7395
906.963
907.2395
907.5291
907.5229
907.5926
907.798
908.1539
908.5536
908.6036
908.526
908.5911
908.594
908.464
908.1848
908.2417
908.4702
908.321
908.2771
908.2028
908.2343
908.05
907.8277
907.8308
907.7723
907.9471
908.2427
908.6932
909.2009
909.309
909.5548
909.534
909.2143
908.9808
909.176
909.4061
909.3382
909.1923
909.0369
909.0181
908.9993
908.9542
908.908
909.1
909.15
909.1447
909.2928
909.4528
909.596
909.4589
909.4476
909.6219
909.4548
909.2576
908.9478
908.9704
908.7719
908.4804
908.5881
908.7534
908.8829
908.7918
909.1686
909.4835
909.4519
909.322
909.3572
909.4219
909.5028
909.2844
909.4175
909.2169
909.0438
908.9163
908.7483
908.66
908.7433
908.874
909.0215
909.1302
909.0204
909.0754
908.9864
909.0742
909.0003
908.9833
908.9034
908.9745
908.8327
908.4862
908.292
908.3469
908.3985
908.3615
908.3815
908.3143
908.1461
907.9924
907.9938
908.0572
908.0547
908.0147
908.1043
908.2014
908.2426
908.126
908.1229
908.1336
908.0438
907.9643
907.9655
907.7749
907.7183
907.588
907.6239
907.8395
907.9117
907.8004
907.6036
907.6127
907.6765
907.619
907.5889
907.7503
907.8135
907.539
907.4498
907.3931
907.3663
907.0609
906.8688
906.5311
906.2589
906.0986
906.0594
906.2499
906.3727
906.5792
906.6889
906.8884
906.8932
906.8869
906.9749
907.0414
907.0316
907.1018
907.0923
906.9988
906.9246
906.7641
906.8474
