 0
11.09806
11.33141
11.33141
10.95319
10.69664
10.69664
10.52238
10.52238
10.38942
10.28576
10.28576
10.1973
10.1973
10.11808
10.04886
10.04886
9.990644
9.990644
9.940989
9.900288
9.900288
9.86762
9.86762
9.842196
9.820968
9.820968
9.809297
9.809297
9.800075
9.794086
9.794086
9.791863
9.791863
9.789886
9.788818
9.788818
9.796168
9.796168
9.810641
9.81872
9.81872
9.838712
9.838712
9.859227
9.926514
9.926514
10.04216
10.04216
10.07333
10.17738
10.17738
10.28217
10.28217
10.28979
10.56453
10.56453
10.69409
10.69409
10.93015
11.33205
11.33205
11.454
11.454
11.47858
12.01507
12.01507
11.97685
11.97685
11.74442
11.67616
11.67616
11.4564
11.4564
11.43981
11.49359
11.49359
11.47321
11.47321
11.62733
11.78846
11.78846
11.99446
11.99446
11.62669
11.21972
11.21972
11.06744
11.06744
11.2569
11.17899
11.17899
11.13042
11.13042
11.03968
11.26493
11.26493
11.41068
11.41068
11.41625
11.35057
11.35057
11.31798
11.31798
11.31174
11.42295
11.42295
11.58615
11.58615
11.62919
11.69975
11.69975
11.82409
11.82409
11.77507
11.77386
11.77386
12.47612
12.47612
12.63865
12.89983
12.89983
13.00845
13.00845
13.01596
13.14315
13.14315
12.38846
12.38846
12.56352
12.86274
12.86274
13.34159
13.34159
13.11801
12.98014
12.98014
12.83328
12.83328
12.38694
12.63715
12.63715
12.67778
12.67778
12.48964
12.52018
12.52018
12.58924
12.58924
12.92543
12.97389
12.97389
13.08974
13.08974
13.1212
13.16933
13.16933
13.03653
13.03653
12.77685
12.46937
12.46937
12.44297
12.44297
12.5491
12.64988
12.64988
12.76715
12.76715
12.80349
12.99473
12.99473
12.85617
12.85617
12.59459
12.90054
12.90054
13.02846
13.02846
13.74462
14.17986
14.17986
14.41262
14.41262
14.3359
14.02133
14.02133
13.54348
13.54348
13.35347
12.93469
12.93469
13.07802
13.07802
13.57296
14.10499
14.10499
14.27877
14.27877
14.67268
14.28584
14.28584
13.91378
13.91378
13.33848
13.884
13.884
13.87605
13.87605
13.99159
15.05836
15.05836
15.27237
15.27237
14.74718
14.58066
14.58066
14.45095
14.45095
14.00923
13.83706
13.83706
13.35708
13.35708
13.73269
13.86787
13.86787
14.02502
14.02502
14.59524
14.5991
14.5991
14.97076
14.97076
15.14801
14.16334
14.16334
13.49425
13.49425
14.81522
16.08329
16.08329
17.08693
17.08693
17.53981
16.12716
16.12716
15.35357
15.35357
14.55569
14.32372
14.32372
14.49817
14.49817
14.61125
14.29832
14.29832
14.07554
14.07554
13.95604
13.96566
13.96566
13.75195
13.75195
13.97409
14.53501
14.53501
14.22126
14.22126
14.17744
14.08462
14.08462
13.33589
13.33589
12.97891
12.95395
12.95395
12.97882
12.97882
12.90668
12.78812
12.78812
12.93212
12.93212
13.02355
13.05075
13.05075
13.66861
13.66861
14.16126
13.97341
13.97341
14.09163
14.09163
13.79315
13.97233
13.97233
14.41189
14.41189
14.79484
15.32932
15.32932
16.50432
16.50432
15.79858
15.90579
15.90579
14.4109
14.4109
14.34725
13.69082
13.69082
14.66638
14.66638
15.22036
16.05258
16.05258
15.97973
15.97973
15.24757
15.00274
15.00274
15.78583
15.78583
16.60974
16.72919
16.72919
17.12474
17.12474
16.83245
17.32388
17.32388
19.18632
19.18632
21.17383
21.28472
21.28472
20.48826
20.48826
17.02007
16.38288
16.38288
16.90981
16.90981
17.22286
17.43013
17.43013
16.75437
16.75437
16.06921
16.4039
16.4039
16.24112
16.24112
16.97483
17.06311
17.06311
16.92955
16.92955
17.05619
17.68246
17.68246
16.32837
16.32837
15.91272
15.8261
15.8261
16.04189
16.04189
15.87463
15.94848
15.94848
16.22346
16.22346
16.63181
16.73725
16.73725
17.08102
17.08102
18.5301
19.66451
19.66451
19.08808
19.08808
19.55857
19.35185
19.35185
17.29452
17.29452
15.95131
16.08447
16.08447
16.06321
16.06321
16.42674
16.51202
16.51202
15.58768
15.58768
15.75365
15.14359
15.14359
15.44699
15.44699
16.3189
17.08114
17.08114
17.66946
17.66946
19.09675
18.62443
18.62443
17.3098
17.3098
17.12869
17.78415
17.78415
17.98923
17.98923
19.38675
20.45207
20.45207
20.40213
20.40213
20.88109
19.65748
19.65748
19.21011
19.21011
18.63243
17.5453
17.5453
18.68767
18.68767
19.04838
18.51681
18.51681
20.41068
20.41068
21.20804
20.96093
20.96093
20.32468
20.32468
19.27354
19.38323
19.38323
19.92845
19.92845
20.6395
21.79429
21.79429
22.18103
22.18103
21.33191
22.68774
22.68774
21.19464
21.19464
21.16022
22.53342
22.53342
22.7985
22.7985
22.24384
21.24633
21.24633
20.79388
20.79388
20.26271
22.40064
22.40064
24.6053
24.6053
25.53253
25.14491
25.14491
23.83657
23.83657
22.79572
22.1881
22.1881
22.49507
22.49507
25.45388
25.26353
25.26353
24.93157
24.93157
24.71018
24.28813
24.28813
25.80073
25.80073
26.53808
26.6296
26.6296
25.83914
25.83914
25.63487
27.80912
27.80912
29.52115
29.52115
28.51408
28.56614
28.56614
30.40849
30.40849
29.15208
29.20007
29.20007
29.08146
29.08146
30.30309
29.92085
29.92085
27.57198
27.57198
29.56296
29.97808
29.97808
31.32049
31.32049
32.4837
31.32335
31.32335
31.72383
31.72383
32.31095
31.62136
31.62136
31.71803
31.71803
33.83498
33.80798
33.80798
31.9125
31.9125
32.91979
33.62501
33.62501
34.61352
34.61352
34.78004
34.6122
34.6122
32.25621
32.25621
31.14182
33.32119
33.32119
33.70663
33.70663
32.89203
32.79778
32.79778
31.54951
31.54951
32.46824
33.54748
33.54748
34.99101
34.99101
35.02758
35.60703
35.60703
36.80151
36.80151
37.94131
36.07588
36.07588
34.72701
34.72701
35.68427
34.99106
34.99106
33.96801
33.96801
35.48553
35.16634
35.16634
37.14264
37.14264
38.33474
38.90907
38.90907
37.39846
37.39846
35.43213
35.1437
35.1437
34.95337
34.95337
34.91217
33.09375
33.09375
35.4633
35.4633
34.2462
36.70617
36.70617
38.25704
38.25704
37.59246
35.12393
35.12393
36.07901
36.07901
37.60436
39.36521
39.36521
38.63841
38.63841
37.45609
37.63128
37.63128
39.1743
39.1743
40.69968
40.8851
40.8851
39.39068
39.39068
41.90783
42.98059
42.98059
42.38287
42.38287
42.02349
40.48926
40.48926
40.19584
40.19584
46.89923
45.41969
45.41969
44.91893
44.91893
45.68802
44.18692
44.18692
43.36978
43.36978
39.97853
40.25867
40.25867
40.33228
40.33228
39.97415
38.68058
38.68058
45.04886
45.04886
45.15904
43.00598
43.00598
42.61232
42.61232
43.42225
42.97495
42.97495
43.78869
43.78869
43.68539
45.43127
45.43127
45.94788
45.94788
45.808
46.9831
46.9831
45.85442
45.85442
46.98497
47.63506
47.63506
47.37122
47.37122
45.89347
47.09313
47.09313
47.18409
47.18409
45.85382
44.23689
44.23689
46.12246
46.12246
48.62456
49.23914
49.23914
46.94646
46.94646
44.59793
45.39296
45.39296
45.25837
45.25837
45.82463
44.16777
44.16777
45.2952
45.2952
44.89156
44.45362
44.45362
46.40199
46.40199
48.96517
49.99398
49.99398
50.65823
50.65823
48.60974
48.25359
48.25359
47.29319
47.29319
43.09421
41.49712
41.49712
42.39088
42.39088
44.15864
45.43526
45.43526
45.78535
45.78535
44.42996
42.65493
42.65493
44.27704
44.27704
45.62843
44.24276
44.24276
38.49212
38.49212
43.04634
48.06683
48.06683
47.84554
47.84554
48.90973
50.44823
50.44823
47.74662
47.74662
48.02117
48.21675
48.21675
47.73684
47.73684
44.92427
42.76359
42.76359
42.52715
42.52715
42.30441
45.33614
45.33614
48.68639
48.68639
49.93848
50.04017
50.04017
51.78842
51.78842
49.76115
48.65734
48.65734
53.71309
53.71309
53.46264
50.10036
50.10036
54.65791
54.65791
53.36101
49.8932
49.8932
49.62877
49.62877
48.97123
45.61877
45.61877
49.71757
49.71757
47.9049
50.174
50.174
51.07831
51.07831
52.13117
54.18774
54.18774
55.49907
55.49907
52.50836
52.49609
52.49609
51.50673
51.50673
53.22371
53.4018
53.4018
58.21864
58.21864
52.04004
54.56318
54.56318
53.64425
53.64425
50.57007
57.92908
57.92908
52.81017
52.81017
53.52481
56.26326
56.26326
52.8292
52.8292
57.25304
56.29149
56.29149
56.24463
56.24463
57.6384
54.71064
54.71064
57.69191
57.69191
56.13339
55.18807
55.18807
57.1359
57.1359
54.28572
52.92535
52.92535
56.24364
56.24364
58.61264
56.28401
56.28401
53.62426
53.62426
53.76255
53.10649
53.10649
52.92624
52.92624
56.01094
55.352
55.352
54.8812
54.8812
57.8327
56.27149
56.27149
53.89008
53.89008
53.25087
50.82806
50.82806
53.28236
53.28236
55.08429
55.37569
55.37569
52.79255
52.79255
52.96547
51.47759
51.47759
52.17988
52.17988
55.37697
51.97815
51.97815
56.14076
56.14076
56.80293
54.46855
54.46855
54.69167
54.69167
51.0557
47.98271
47.98271
52.66908
52.66908
56.33933
55.39278
55.39278
56.28161
56.28161
56.75804
56.91087
56.91087
57.62946
57.62946
57.22303
56.23502
56.23502
55.91219
55.91219
55.61092
53.63841
53.63841
52.84447
52.84447
55.43568
57.30592
57.30592
58.88525
58.88525
57.61631
56.54622
56.54622
57.83917
57.83917
57.44753
57.92068
57.92068
52.50181
52.50181
54.58644
56.76547
56.76547
61.15507
61.15507
59.88309
59.65076
59.65076
57.70338
57.70338
58.99176
59.4142
59.4142
56.46275
56.46275
56.46646
60.83247
60.83247
57.38008
57.38008
56.82331
51.7108
51.7108
51.26249
51.26249
57.81818
57.08604
57.08604
56.96509
56.96509
58.77219
58.29766
58.29766
57.18225
57.18225
59.26778
61.10157
61.10157
59.73838
59.73838
59.67951
57.65472
57.65472
51.46427
51.46427
53.10172
58.02376
58.02376
58.36876
58.36876
59.30659
59.8015
59.8015
60.08318
60.08318
61.79693
60.56519
60.56519
57.67854
57.67854
60.12141
60.67086
60.67086
56.69628
56.69628
51.22308
56.39572
56.39572
60.5871
60.5871
57.26516
53.48297
53.48297
56.63603
56.63603
58.14168
58.90388
58.90388
59.49819
59.49819
57.01976
60.49384
60.49384
59.45415
59.45415
57.20138
52.73946
52.73946
53.75616
53.75616
59.54418
58.1651
58.1651
55.04596
55.04596
52.26563
57.43597
57.43597
59.73543
59.73543
59.8405
54.90885
54.90885
57.38551
57.38551
60.0044
61.83613
61.83613
57.58255
57.58255
56.70756
61.62654
61.62654
59.94001
59.94001
57.36833
52.18458
52.18458
54.66665
54.66665
60.75716
57.34317
57.34317
52.73125
52.73125
50.83934
55.23041
55.23041
59.57479
59.57479
56.4577
51.36482
51.36482
55.57885
55.57885
58.58434
58.74882
58.74882
58.26635
58.26635
52.60798
53.57095
53.57095
60.65532
60.65532
59.0898
55.01494
55.01494
54.94695
54.94695
59.15709
59.69615
59.69615
59.21434
59.21434
54.62391
53.89482
53.89482
55.92611
55.92611
59.39925
58.10221
58.10221
54.06865
54.06865
59.69231
61.41922
61.41922
58.90042
58.90042
58.18768
52.87362
52.87362
55.70309
55.70309
59.63485
57.7523
57.7523
54.0783
54.0783
55.17367
55.06398
55.06398
58.45779
58.45779
56.94871
53.06174
53.06174
57.34158
57.34158
60.4762
56.27692
56.27692
58.48779
58.48779
55.96223
54.89143
54.89143
57.48222
57.48222
57.35219
55.66989
55.66989
56.70572
56.70572
58.608
58.77217
58.77217
59.88524
59.88524
57.28575
55.52187
55.52187
55.05287
55.05287
59.37008
60.21922
60.21922
57.15071
57.15071
55.90615
56.47342
56.47342
59.76586
59.76586
61.10992
58.43515
58.43515
57.05151
57.05151
58.62789
61.23824
61.23824
57.82306
57.82306
55.19299
58.31535
58.31535
59.81295
59.81295
59.50349
59.95268
59.95268
55.96399
55.96399
58.61383
60.95855
60.95855
59.73459
59.73459
58.22639
56.1939
56.1939
54.90316
54.90316
57.82513
61.01553
61.01553
59.3797
59.3797
59.85023
59.49748
59.49748
58.34412
58.34412
57.62335
57.05701
57.05701
57.43156
57.43156
59.85672
60.70487
