 0
11.09806
11.33214
11.33214
10.95271
10.69373
10.69373
10.52
10.52
10.38905
10.28641
10.28641
10.1978
10.1978
10.11837
10.04891
10.04891
9.990581
9.990581
9.941166
9.900544
9.900544
9.867768
9.867768
9.84239
9.8212
9.8212
9.809762
9.809762
9.801103
9.794735
9.794735
9.791946
9.791946
9.789762
9.788996
9.788996
9.796992
9.796992
9.811119
9.81901
9.81901
9.837185
9.837185
9.859493
9.922917
9.922917
9.988211
9.988211
10.07543
10.26105
10.26105
10.2151
10.2151
10.26847
10.35852
10.35852
10.64274
10.64274
11.06765
11.41541
11.41541
11.60567
11.60567
11.57646
11.80155
11.80155
11.75069
11.75069
11.80451
11.61697
11.61697
11.53775
11.53775
11.51327
11.35823
11.35823
11.41022
11.41022
11.60599
11.75615
11.75615
11.83982
11.83982
11.66704
11.10829
11.10829
11.0123
11.0123
11.31955
11.34186
11.34186
11.31268
11.31268
11.21567
11.3442
11.3442
11.64597
11.64597
11.53782
11.47488
11.47488
11.29472
11.29472
11.32994
11.32738
11.32738
11.64678
11.64678
11.95997
12.24197
12.24197
12.20456
12.20456
11.89803
11.91596
11.91596
11.91284
11.91284
12.46951
12.57017
12.57017
12.80253
12.80253
13.19468
13.28754
13.28754
13.14874
13.14874
12.60484
12.65092
12.65092
12.87058
12.87058
12.65522
12.48821
12.48821
12.61624
12.61624
12.92321
13.21004
13.21004
13.25907
13.25907
12.81911
12.83833
12.83833
12.93238
12.93238
13.06579
13.28615
13.28615
13.04657
13.04657
12.87056
12.78327
12.78327
12.82806
12.82806
13.01775
13.20518
13.20518
13.28843
13.28843
13.26954
13.38442
13.38442
12.79088
12.79088
13.04348
13.2984
13.2984
13.31292
13.31292
13.51916
13.56479
13.56479
13.32224
13.32224
12.92818
13.30422
13.30422
13.96264
13.96264
14.07997
14.2799
14.2799
13.78529
13.78529
13.83282
13.80494
13.80494
13.42206
13.42206
13.12063
13.36427
13.36427
13.5136
13.5136
13.43679
13.42556
13.42556
13.24083
13.24083
13.05968
13.08753
13.08753
12.96237
12.96237
13.1817
13.7268
13.7268
13.68088
13.68088
13.86271
14.08681
14.08681
14.51084
14.51084
15.12666
15.27828
15.27828
15.11145
15.11145
14.83028
15.56916
15.56916
16.20305
16.20305
15.66418
15.49922
15.49922
15.24877
15.24877
13.95277
14.2925
14.2925
14.96754
14.96754
14.93949
15.01312
15.01312
14.94529
14.94529
15.46843
14.50854
14.50854
14.73147
14.73147
14.97852
14.73342
14.73342
14.7714
14.7714
15.75519
15.73798
15.73798
15.62224
15.62224
15.14865
15.06171
15.06171
15.19313
15.19313
15.34456
15.2066
15.2066
14.90735
14.90735
14.69984
14.34056
14.34056
14.29309
14.29309
14.58493
14.3813
14.3813
14.09765
14.09765
13.8537
13.50916
13.50916
13.28459
13.28459
13.85376
14.2817
14.2817
14.53284
14.53284
14.62159
14.57819
14.57819
14.32678
14.32678
14.76928
14.46013
14.46013
14.1581
14.1581
14.02813
13.80283
13.80283
13.78167
13.78167
13.96445
14.06039
14.06039
14.39636
14.39636
14.42769
15.20485
15.20485
15.3503
15.3503
15.19762
15.93512
15.93512
16.67685
16.67685
17.45807
18.98295
18.98295
18.82697
18.82697
17.53485
16.57315
16.57315
15.60892
15.60892
13.83885
14.6831
14.6831
15.91522
15.91522
16.58466
16.1895
16.1895
15.53049
15.53049
17.55719
19.6052
19.6052
19.99822
19.99822
19.64259
17.74346
17.74346
16.33418
16.33418
16.02457
16.16852
16.16852
16.43104
16.43104
16.36544
16.9678
16.9678
16.31581
16.31581
15.64675
16.13244
16.13244
17.51337
17.51337
18.32623
18.65453
18.65453
19.8788
19.8788
19.11498
18.80328
18.80328
18.10392
18.10392
18.41661
16.41431
16.41431
17.56987
17.56987
17.55813
17.34836
17.34836
18.22327
18.22327
18.24444
17.35211
17.35211
17.5372
17.5372
17.36186
19.42681
19.42681
20.51594
20.51594
22.82865
23.70503
23.70503
22.04322
22.04322
19.43951
16.30006
16.30006
17.17587
17.17587
18.5959
19.16217
19.16217
19.54519
19.54519
18.85588
18.77976
18.77976
17.33631
17.33631
16.14691
16.50776
16.50776
17.02702
17.02702
16.91168
16.39436
16.39436
16.39505
16.39505
15.65291
15.85198
15.85198
18.07218
18.07218
19.91274
21.37524
21.37524
21.17087
21.17087
21.11785
21.63935
21.63935
21.45535
21.45535
20.36882
20.3514
20.3514
18.80794
18.80794
17.88049
19.21204
19.21204
20.95893
20.95893
21.2706
20.7103
20.7103
19.47124
19.47124
20.10175
20.40096
20.40096
22.31841
22.31841
21.80483
21.76011
21.76011
22.7218
22.7218
22.71123
22.94455
22.94455
23.2424
23.2424
23.28621
22.86231
22.86231
20.69416
20.69416
21.23053
21.40879
21.40879
23.61208
23.61208
24.96407
23.52312
23.52312
24.70935
24.70935
25.2241
25.62548
25.62548
25.54705
25.54705
25.67653
26.99234
26.99234
25.83245
25.83245
24.9094
24.16365
24.16365
23.89238
23.89238
24.10919
24.48326
24.48326
24.63744
24.63744
25.28786
29.06209
29.06209
30.96778
30.96778
30.77931
29.98903
29.98903
29.61489
29.61489
30.18623
29.91543
29.91543
29.37049
29.37049
30.12415
32.44138
32.44138
31.93608
31.93608
31.44915
32.40506
32.40506
32.15815
32.15815
33.01411
31.62459
31.62459
30.45153
30.45153
29.75991
28.4416
28.4416
31.84803
31.84803
34.98413
35.70869
35.70869
35.95245
35.95245
37.48398
35.4907
35.4907
34.48296
34.48296
35.19567
34.00962
34.00962
34.53095
34.53095
34.4367
35.35143
35.35143
33.60756
33.60756
34.02116
34.32492
34.32492
34.09076
34.09076
31.74371
28.54708
28.54708
32.33468
32.33468
35.05476
38.04028
38.04028
39.35742
39.35742
38.64048
37.93795
37.93795
36.44469
36.44469
36.03362
37.52686
37.52686
36.72562
36.72562
35.25017
36.63715
36.63715
39.11913
39.11913
38.61407
37.55141
37.55141
35.54232
35.54232
32.65601
35.87253
35.87253
35.35359
35.35359
35.62879
36.85434
36.85434
36.32322
36.32322
35.38431
34.39502
34.39502
36.1045
36.1045
37.1551
36.77219
36.77219
34.79221
34.79221
34.95027
37.094
37.094
37.89653
37.89653
38.16666
39.61386
39.61386
39.23526
39.23526
42.88453
44.32579
44.32579
41.5769
41.5769
43.92242
44.80924
44.80924
43.95218
43.95218
43.25144
40.514
40.514
44.66035
44.66035
46.50531
42.83627
42.83627
43.93336
43.93336
42.97633
45.07787
45.07787
44.26775
44.26775
43.2809
44.28597
44.28597
42.0849
42.0849
39.99847
37.96689
37.96689
42.95625
42.95625
45.7671
46.37105
46.37105
44.53896
44.53896
43.1785
40.49018
40.49018
40.29206
40.29206
41.98942
43.22839
43.22839
44.29999
44.29999
44.55777
45.62444
45.62444
45.86526
45.86526
45.05155
45.72607
45.72607
47.13798
47.13798
46.05678
46.00659
46.00659
48.36995
48.36995
47.9731
46.21595
46.21595
44.67026
44.67026
45.87019
46.86144
46.86144
48.12674
48.12674
47.89459
48.82007
48.82007
47.06068
47.06068
43.97571
41.28905
41.28905
41.12961
41.12961
40.70505
41.45664
41.45664
43.06087
43.06087
46.25257
47.85559
47.85559
49.77003
49.77003
46.89288
45.21506
45.21506
45.6426
45.6426
47.38031
45.56451
45.56451
43.167
43.167
46.06369
49.18546
49.18546
48.25049
48.25049
45.84861
43.50334
43.50334
42.30289
42.30289
41.44924
41.47292
41.47292
40.22338
40.22338
46.89091
49.83477
49.83477
50.12577
50.12577
50.97259
50.47468
50.47468
47.83471
47.83471
47.2533
49.59533
49.59533
48.12397
48.12397
46.22983
48.73163
48.73163
46.34887
46.34887
42.66553
45.68925
45.68925
49.66066
49.66066
51.37963
53.03364
53.03364
50.83947
50.83947
51.00155
54.15306
54.15306
54.54533
54.54533
50.5482
54.16998
54.16998
52.58093
52.58093
48.81505
49.40703
49.40703
52.07995
52.07995
45.53082
49.98317
49.98317
49.23981
49.23981
49.83181
52.67429
52.67429
54.74773
54.74773
54.74536
55.45285
55.45285
54.72551
54.72551
58.09564
57.63992
57.63992
54.04432
54.04432
56.31172
57.12802
57.12802
52.17081
52.17081
53.60386
52.68567
52.68567
52.0519
52.0519
58.10263
50.57774
50.57774
53.44445
53.44445
54.76864
52.14712
52.14712
59.97208
59.97208
53.79327
57.01459
57.01459
56.71841
56.71841
52.58772
55.61346
55.61346
56.88522
56.88522
57.44754
56.52186
56.52186
53.88505
53.88505
51.07653
53.5262
53.5262
59.35414
59.35414
58.10326
54.31184
54.31184
51.39777
51.39777
48.16632
51.70125
51.70125
56.57249
56.57249
55.69064
50.68097
50.68097
55.27258
55.27258
59.44337
57.81411
57.81411
54.62817
54.62817
53.23531
51.12875
51.12875
55.77043
55.77043
56.88593
53.58342
53.58342
51.13349
51.13349
52.60728
54.20553
54.20553
56.93644
56.93644
56.29769
56.66081
56.66081
58.80101
58.80101
57.29581
57.83128
57.83128
53.89242
53.89242
53.28651
54.24268
54.24268
57.21202
57.21202
55.18647
56.36993
56.36993
57.0739
57.0739
56.85445
57.35914
57.35914
57.39319
57.39319
57.19819
58.15617
58.15617
58.0896
58.0896
56.01281
54.65517
54.65517
55.2734
55.2734
56.19799
58.73992
58.73992
59.98881
59.98881
57.30606
57.73412
57.73412
59.42348
59.42348
58.52657
56.65134
56.65134
56.49413
56.49413
58.4495
60.84473
60.84473
61.25424
61.25424
58.35506
59.67704
59.67704
58.29581
58.29581
60.09345
56.48491
56.48491
60.0436
60.0436
60.19587
57.70013
57.70013
56.2314
56.2314
52.69262
53.41417
53.41417
60.2683
60.2683
59.75204
57.56209
57.56209
56.32454
56.32454
56.68956
60.81219
60.81219
58.25783
58.25783
62.03424
58.80895
58.80895
59.36703
59.36703
59.73111
55.40711
55.40711
56.91285
56.91285
60.48822
61.96403
61.96403
60.43005
60.43005
60.29604
59.51503
59.51503
62.92086
62.92086
61.10612
59.55487
59.55487
60.29206
60.29206
60.56091
58.44973
58.44973
52.8034
52.8034
55.08592
60.54721
60.54721
59.17055
59.17055
56.30372
55.78419
55.78419
58.00158
58.00158
59.60079
61.08156
61.08156
61.03627
61.03627
59.69888
60.3982
60.3982
60.58018
60.58018
54.03521
52.36539
52.36539
56.66682
56.66682
58.957
58.07802
58.07802
54.48315
54.48315
55.545
59.12268
59.12268
60.3759
60.3759
57.1885
55.09567
55.09567
61.54813
61.54813
61.64362
59.69613
59.69613
55.2914
55.2914
59.69383
57.94584
57.94584
59.87916
59.87916
55.24947
54.13766
54.13766
59.69165
59.69165
59.06627
57.06342
57.06342
52.21121
52.21121
52.43822
57.61952
57.61952
59.72443
59.72443
56.28374
54.39343
54.39343
58.91294
58.91294
60.37349
60.4934
60.4934
55.5412
55.5412
53.00238
61.88734
61.88734
60.76571
60.76571
56.13725
52.65292
52.65292
53.29957
53.29957
59.30267
59.72773
59.72773
57.72817
57.72817
53.07762
54.23004
54.23004
60.45549
60.45549
59.24673
55.19686
55.19686
57.14183
57.14183
60.42076
59.73276
59.73276
60.41009
60.41009
55.80702
56.60138
56.60138
60.35313
60.35313
58.12614
55.94156
55.94156
52.52303
52.52303
52.03274
59.74929
59.74929
57.93239
57.93239
54.69597
54.99512
54.99512
58.99104
58.99104
59.21748
59.84417
59.84417
57.86307
57.86307
52.35037
60.09802
60.09802
60.20833
60.20833
57.70158
57.25073
57.25073
58.9656
58.9656
60.91488
57.82606
57.82606
59.85228
59.85228
56.95722
56.42934
56.42934
60.53315
60.53315
59.94667
56.655
56.655
55.92728
55.92728
57.93718
58.43183
58.43183
57.29877
57.29877
55.21851
51.69296
51.69296
55.1936
55.1936
59.12347
58.14065
58.14065
55.98286
55.98286
55.29927
59.99673
59.99673
60.5037
60.5037
61.02503
57.07107
57.07107
56.47262
56.47262
60.30563
63.71444
63.71444
59.6679
59.6679
58.34971
55.96418
55.96418
56.29884
56.29884
58.02391
56.07314
56.07314
56.59855
56.59855
59.18465
58.08459
58.08459
61.02461
61.02461
56.75188
53.77384
