 0
11.10316
11.35097
11.35097
10.96945
10.70597
10.70597
10.5294
10.5294
10.39741
10.2906
10.2906
10.19934
10.19934
10.11905
10.05056
10.05056
9.995556
9.995556
9.948253
9.908927
9.908927
9.879947
9.879947
9.856789
9.83984
9.83984
9.829107
9.829107
9.820525
9.811597
9.811597
9.807637
9.807637
9.80345
9.80125
9.80125
9.806029
9.806029
9.815598
9.821507
9.821507
9.843651
9.843651
9.910091
9.994726
9.994726
10.09936
10.09936
10.23328
10.29522
10.29522
10.38593
10.38593
10.66468
10.76285
10.76285
11.09509
11.09509
11.52567
11.81616
11.81616
12.00176
12.00176
12.40629
12.87083
12.87083
12.48604
12.48604
12.28704
12.204
12.204
11.96682
11.96682
11.87203
12.01513
12.01513
12.41611
12.41611
12.17691
12.04716
12.04716
12.0103
12.0103
11.72022
11.7207
11.7207
11.75218
11.75218
12.17706
11.81778
11.81778
11.58604
11.58604
11.67384
11.75061
11.75061
11.7968
11.7968
11.58994
11.72464
11.72464
11.8305
11.8305
11.97758
12.17759
12.17759
12.42155
12.42155
12.34794
12.51549
12.51549
12.65161
12.65161
12.46755
12.77656
12.77656
12.75382
12.75382
12.87688
13.01056
13.01056
13.11271
13.11271
13.19631
13.29513
13.29513
13.2017
13.2017
12.9882
13.22895
13.22895
13.47605
13.47605
13.71236
14.054
14.054
14.17014
14.17014
13.72734
13.49216
13.49216
13.59381
13.59381
13.74834
13.94195
13.94195
13.64521
13.64521
13.56798
13.36213
13.36213
13.40333
13.40333
13.27622
13.23861
13.23861
13.26816
13.26816
13.34716
13.48615
13.48615
13.36233
13.36233
13.50017
13.39407
13.39407
13.4252
13.4252
13.2247
13.56859
13.56859
13.7753
13.7753
13.73489
13.77171
13.77171
13.74584
13.74584
14.1698
14.3137
14.3137
14.43726
14.43726
14.7394
14.5106
14.5106
14.31985
14.31985
14.37108
14.30718
14.30718
14.28163
14.28163
14.29404
14.45957
14.45957
14.37529
14.37529
14.6743
14.68614
14.68614
14.97866
14.97866
14.75344
14.39048
14.39048
14.23302
14.23302
14.53701
15.19987
15.19987
15.38198
15.38198
14.96844
15.52508
15.52508
15.70577
15.70577
15.89859
15.59875
15.59875
15.32231
15.32231
15.5237
15.92542
15.92542
16.33436
16.33436
16.13758
15.60041
15.60041
15.67483
15.67483
15.89809
15.59668
15.59668
15.75566
15.75566
16.10059
16.35566
16.35566
17.16202
17.16202
17.53981
16.28931
16.28931
15.89852
15.89852
15.66515
16.08581
16.08581
16.58814
16.58814
16.42653
16.05962
16.05962
15.65456
15.65456
15.33746
15.29898
15.29898
15.395
15.395
15.48511
15.2139
15.2139
14.94761
14.94761
14.83957
14.94234
14.94234
14.81552
14.81552
14.83312
14.65735
14.65735
14.66248
14.66248
14.74331
14.91483
14.91483
14.70789
14.70789
14.90089
14.97707
14.97707
14.84979
14.84979
15.18386
14.94395
14.94395
14.98155
14.98155
14.90665
14.86183
14.86183
14.85967
14.85967
14.90602
15.33141
15.33141
16.68521
16.68521
16.68032
17.34472
17.34472
17.35265
17.35265
17.2778
17.43707
17.43707
16.90648
16.90648
16.5708
18.3161
18.3161
17.83799
17.83799
17.65815
19.08935
19.08935
19.221
19.221
18.7201
19.44682
19.44682
20.23901
20.23901
20.58013
19.64895
19.64895
19.66743
19.66743
21.23456
21.63963
21.63963
20.60407
20.60407
18.49436
19.81833
19.81833
19.99844
19.99844
19.69542
19.28562
19.28562
18.9838
18.9838
20.31722
20.65617
20.65617
21.84737
21.84737
21.08812
19.90023
19.90023
18.41593
18.41593
17.37998
17.93348
17.93348
17.51762
17.51762
18.64008
19.07819
19.07819
19.90409
19.90409
20.19325
20.60679
20.60679
21.06349
21.06349
20.18674
19.88305
19.88305
19.39053
19.39053
18.75032
19.74148
19.74148
19.75502
19.75502
20.75759
22.1236
22.1236
20.8045
20.8045
21.43493
21.71941
21.71941
21.57061
21.57061
23.24695
23.75952
23.75952
22.0456
22.0456
19.89126
21.8556
21.8556
22.71431
22.71431
24.6058
24.02662
24.02662
23.51271
23.51271
20.85068
20.78925
20.78925
21.08634
21.08634
19.68722
19.68704
19.68704
20.69178
20.69178
20.79607
21.175
21.175
20.71758
20.71758
20.88363
21.27443
21.27443
22.01686
22.01686
21.45604
22.08489
22.08489
21.77708
21.77708
22.18718
22.27844
22.27844
22.74075
22.74075
22.5315
23.07897
23.07897
23.84099
23.84099
24.20259
22.76432
22.76432
22.44138
22.44138
21.52363
21.80857
21.80857
22.95018
22.95018
24.16781
24.26046
24.26046
23.35649
23.35649
23.28173
22.93289
22.93289
23.8676
23.8676
24.34862
24.71885
24.71885
24.99963
24.99963
24.71564
24.58629
24.58629
25.3076
25.3076
26.63757
25.9718
25.9718
25.23869
25.23869
26.79829
26.52838
26.52838
26.29837
26.29837
26.3084
26.34394
26.34394
26.88022
26.88022
27.62879
27.83632
27.83632
27.89517
27.89517
27.78152
28.42179
28.42179
29.05913
29.05913
28.91757
29.40331
29.40331
29.61747
29.61747
30.97597
30.41383
30.41383
32.04106
32.04106
32.11757
32.05097
32.05097
32.18036
32.18036
32.44418
33.07816
33.07816
33.3676
33.3676
33.83486
33.99931
33.99931
33.39101
33.39101
34.20482
33.99477
33.99477
34.61773
34.61773
35.69283
36.35234
36.35234
36.94347
36.94347
37.8658
35.39439
35.39439
36.41922
36.41922
35.71546
36.60718
36.60718
36.35644
36.35644
37.48969
37.81604
37.81604
37.29794
37.29794
37.06678
37.18818
37.18818
36.86084
36.86084
36.53169
36.79539
36.79539
36.42498
36.42498
36.22102
36.04908
36.04908
36.69052
36.69052
37.15189
37.07302
37.07302
37.10579
37.10579
38.1532
39.51065
39.51065
39.36083
39.36083
39.15378
39.69077
39.69077
39.35458
39.35458
38.82689
38.63062
38.63062
38.74221
38.74221
38.51573
38.91205
38.91205
39.688
39.688
42.89782
44.52143
44.52143
45.63193
45.63193
45.63619
44.85643
44.85643
43.87391
43.87391
43.02901
42.29306
42.29306
42.47092
42.47092
40.02361
38.95644
38.95644
38.4578
38.4578
40.45913
42.04691
42.04691
41.49113
41.49113
41.49037
41.84103
41.84103
43.17246
43.17246
42.80822
43.27899
43.27899
43.71802
43.71802
44.3532
44.71935
44.71935
43.96103
43.96103
44.51347
45.99798
45.99798
48.34347
48.34347
47.49075
48.42655
48.42655
47.14682
47.14682
46.9738
48.68738
48.68738
48.30924
48.30924
49.81179
48.58472
48.58472
46.36082
46.36082
45.99412
46.68402
46.68402
46.01677
46.01677
46.22773
46.9506
46.9506
47.85186
47.85186
46.77731
47.41563
47.41563
47.59351
47.59351
49.0857
48.46141
48.46141
47.83067
47.83067
48.14687
48.11829
48.11829
48.5229
48.5229
48.44432
48.68476
48.68476
48.47908
48.47908
48.79702
47.97068
47.97068
48.59261
48.59261
48.19249
48.32396
48.32396
48.56435
48.56435
49.52392
49.31954
49.31954
48.68053
48.68053
50.09524
50.44745
50.44745
49.5346
49.5346
49.3931
49.2603
49.2603
49.9441
49.9441
49.29204
48.87868
48.87868
49.61735
49.61735
50.52286
51.57526
51.57526
51.44168
51.44168
51.71804
51.15582
51.15582
50.09394
50.09394
48.62298
48.29974
48.29974
47.59759
47.59759
47.50506
46.59093
46.59093
49.02874
49.02874
51.03471
50.10583
50.10583
50.23743
50.23743
49.88065
50.47789
50.47789
50.22532
50.22532
49.44826
49.0155
49.0155
49.15343
49.15343
50.09935
50.69593
50.69593
51.38521
51.38521
51.00489
51.128
51.128
50.43714
50.43714
50.56113
51.62065
51.62065
51.50554
51.50554
51.08484
51.26278
51.26278
51.54794
51.54794
52.72897
52.72308
52.72308
53.57803
53.57803
54.72356
53.03482
53.03482
54.46018
54.46018
54.4552
56.29001
56.29001
55.82493
55.82493
55.5174
54.17101
54.17101
53.69444
53.69444
54.48079
55.37254
55.37254
54.98434
54.98434
54.02356
52.98037
52.98037
53.78955
53.78955
54.65424
56.14849
56.14849
55.95476
55.95476
56.91468
56.27909
56.27909
55.51566
55.51566
58.09564
57.89939
57.89939
58.71085
58.71085
60.62344
58.7385
58.7385
57.39576
57.39576
56.28717
57.9291
57.9291
59.45172
59.45172
59.01221
56.31535
56.31535
56.16893
56.16893
58.94172
59.64855
59.64855
59.98328
59.98328
58.54393
57.99244
57.99244
59.18641
59.18641
58.56886
58.19213
58.19213
57.55417
57.55417
58.4029
58.91415
58.91415
58.58125
58.58125
58.61381
60.13329
60.13329
59.74232
59.74232
58.90305
57.20634
57.20634
55.63072
55.63072
56.03224
57.53694
57.53694
59.32419
59.32419
57.95334
58.80306
58.80306
59.60735
59.60735
59.79396
59.57396
59.57396
58.29028
58.29028
58.61414
59.23149
59.23149
58.50041
58.50041
57.31539
55.17311
55.17311
54.20166
54.20166
56.39625
56.5135
56.5135
58.05272
58.05272
58.74623
58.77148
58.77148
59.00824
59.00824
60.03536
59.35708
59.35708
59.49587
59.49587
60.43811
59.76355
59.76355
58.843
58.843
59.19665
58.10329
58.10329
59.12497
59.12497
58.93442
59.46158
59.46158
59.47029
59.47029
59.18852
59.1438
59.1438
59.9096
59.9096
60.50445
60.14889
60.14889
60.67089
60.67089
60.84162
60.06694
60.06694
60.11696
60.11696
60.10719
59.76909
59.76909
59.52365
59.52365
59.75154
61.33575
61.33575
61.16417
61.16417
62.11738
62.53902
62.53902
62.52941
62.52941
61.27614
60.74587
60.74587
60.87238
60.87238
61.12073
60.83739
60.83739
60.2499
60.2499
60.42039
61.89737
61.89737
61.03176
61.03176
61.33469
59.97002
59.97002
61.50344
61.50344
61.19673
60.41375
60.41375
60.67611
60.67611
60.72355
62.23412
62.23412
61.68162
61.68162
62.53349
62.24493
62.24493
61.28255
61.28255
61.21885
62.46207
62.46207
61.60265
61.60265
61.51806
62.37648
62.37648
61.55883
61.55883
63.29646
63.49999
63.49999
63.54205
63.54205
64.01162
61.96996
61.96996
62.7712
62.7712
62.16664
61.61301
61.61301
62.61452
62.61452
62.38607
61.4152
61.4152
61.83951
61.83951
61.93688
61.71015
61.71015
61.74541
61.74541
61.48194
62.36544
62.36544
62.36688
62.36688
63.15589
61.85225
61.85225
61.90825
61.90825
63.06648
62.9292
62.9292
62.35331
62.35331
61.98725
62.03605
62.03605
61.6815
61.6815
63.44693
63.51186
63.51186
64.08272
64.08272
63.08981
63.32296
63.32296
62.48969
62.48969
63.45493
62.80762
62.80762
62.47636
62.47636
62.39891
64.16412
64.16412
63.90673
63.90673
60.85419
60.93373
60.93373
61.34497
61.34497
61.32045
61.68642
61.68642
63.58943
63.58943
62.38249
60.90238
60.90238
62.34661
62.34661
60.77634
61.87769
61.87769
61.84825
61.84825
61.88499
61.83734
61.83734
61.35992
61.35992
62.55256
62.90648
62.90648
62.44516
62.44516
61.92334
60.31282
60.31282
60.96832
60.96832
60.67041
61.8105
61.8105
60.34083
60.34083
59.52545
60.31026
60.31026
62.22326
62.22326
62.02961
61.55062
61.55062
61.97861
61.97861
62.11936
62.34047
62.34047
61.87216
61.87216
60.24352
61.01709
61.01709
61.98732
61.98732
62.19687
61.65996
61.65996
60.96587
60.96587
60.81043
60.72789
60.72789
60.6381
60.6381
60.74143
60.81215
60.81215
59.97688
59.97688
59.73288
60.18365
60.18365
59.88921
59.88921
60.5547
61.79103
61.79103
60.98587
60.98587
62.46171
61.35635
61.35635
60.63087
60.63087
61.03546
61.8476
61.8476
63.66383
63.66383
61.46048
60.8227
60.8227
61.31705
61.31705
61.83384
62.83466
62.83466
62.83131
62.83131
61.44681
60.98565
60.98565
60.42506
60.42506
60.96933
61.45676
61.45676
61.13305
61.13305
61.20608
59.67122
59.67122
60.88916
60.88916
61.24614
61.49751
61.49751
62.0395
62.0395
63.23774
61.86629
61.86629
62.2548
62.2548
63.36063
63.9141
63.9141
61.67603
61.67603
62.26149
62.19798
62.19798
62.09954
62.09954
62.56681
60.65292
60.65292
61.65554
61.65554
60.29158
60.62193
60.62193
62.10871
62.10871
61.67722
62.45035
